0   0.406081
1   0.452993
2   0.470553
3   0.480305
4   0.487908
5   0.492631
6   0.496502
7   0.499092
8   0.500763
9   0.503794
10   0.505709
11   0.506794
12   0.508432
13   0.509076
14   0.509753
15   0.510261
16   0.511176
17   0.51319
18   0.512858
19   0.513013
20   0.513376
21   0.514447
22   0.515259
23   0.514626
24   0.515069
25   0.515614
26   0.514494
27   0.51567
28   0.516099
29   0.516753
30   0.516658
31   0.51661
32   0.516947
33   0.516904
34   0.517639
35   0.518114
36   0.518302
37   0.517781
38   0.518851
39   0.517059
40   0.518124
41   0.518948
42   0.518637
43   0.519377
44   0.519931
45   0.51939
46   0.52015
47   0.520173
48   0.520917
49   0.519751
50   0.521066
51   0.519112
52   0.519209
53   0.519413
54   0.519929
55   0.519008
56   0.518766
57   0.519596
58   0.519517
59   0.519893
60   0.519519
61   0.518173
62   0.519006
63   0.517746
64   0.518951
65   0.519582
66   0.520135
67   0.520315
68   0.520092
69   0.520405
70   0.520339
71   0.51905
72   0.520234
73   0.519948
74   0.519571
75   0.518884
76   0.519124
77   0.518393
78   0.519641
79   0.519821
80   0.518746
81   0.519637
82   0.519198
83   0.519303
84   0.519296
85   0.519855
86   0.519378
87   0.520651
88   0.520715
89   0.521165
90   0.519163
91   0.521146
92   0.52149
93   0.520153
94   0.519939
95   0.520693
96   0.521191
97   0.520771
98   0.521511
99   0.521113
100   0.521453
101   0.52094
102   0.519361
103   0.521375
104   0.521267
105   0.520351
106   0.52058
107   0.519412
108   0.520471
109   0.52017
110   0.519956
111   0.519334
112   0.520527
113   0.52039
114   0.519622
115   0.519428
116   0.520249
117   0.519732
118   0.520043
119   0.520027
120   0.52035
121   0.519889
122   0.520403
123   0.520065
124   0.51997
125   0.519843
126   0.520244
127   0.521126
128   0.521165
129   0.521922
130   0.520514
131   0.520704
132   0.521412
133   0.520173
134   0.520187
135   0.52009
136   0.521119
137   0.521167
138   0.521659
139   0.522016
140   0.520823
141   0.520203
142   0.521454
143   0.520751
144   0.520852
145   0.52278
146   0.522166
147   0.522611
148   0.522106
149   0.522167
150   0.522174
151   0.521835
152   0.521564
153   0.521331
154   0.522241
155   0.52151
156   0.522662
157   0.52125
158   0.521137
159   0.521282
160   0.52085
161   0.520615
162   0.520808
163   0.521159
164   0.520337
165   0.520743
166   0.521172
167   0.519946
168   0.521431
169   0.521872
170   0.521089
171   0.520735
172   0.521125
173   0.522362
174   0.521249
175   0.521925
176   0.520607
177   0.520924
178   0.520692
179   0.521305
180   0.520791
181   0.520465
182   0.522281
183   0.521396
184   0.522288
185   0.52067
186   0.519925
187   0.521384
188   0.521169
189   0.521418
190   0.521873
191   0.521795
192   0.521273
193   0.521649
194   0.521605
195   0.520843
196   0.52065
197   0.521663
198   0.520715
199   0.521368
200   0.521808
201   0.521237
202   0.521597
203   0.52297
204   0.522684
205   0.523002
206   0.52253
207   0.522715
208   0.523241
209   0.522478
210   0.522788
211   0.521116
212   0.521089
213   0.520859
214   0.522432
215   0.521267
216   0.521349
217   0.522516
218   0.521218
219   0.520782
220   0.520763
221   0.521376
222   0.5214
223   0.522153
224   0.521385
225   0.521321
226   0.522579
227   0.521985
228   0.523313
229   0.522841
230   0.521786
231   0.521932
232   0.522635
233   0.522839
234   0.523617
235   0.522804
236   0.522097
237   0.521921
238   0.522044
239   0.522102
240   0.522862
241   0.521801
242   0.521392
243   0.521782
244   0.522341
245   0.520857
246   0.520901
247   0.520866
248   0.520881
249   0.52054
250   0.521678
251   0.521396
252   0.521677
253   0.522238
254   0.522388
255   0.521968
256   0.521576
257   0.521473
258   0.521891
259   0.52101
260   0.521234
261   0.521618
262   0.521254
263   0.521636
264   0.522177
265   0.521908
266   0.522524
267   0.522727
268   0.522256
269   0.522961
270   0.523794
271   0.523934
272   0.521919
273   0.523118
274   0.523157
275   0.522121
276   0.522022
277   0.522978
278   0.521427
279   0.522143
280   0.522103
281   0.521931
282   0.521666
283   0.522522
284   0.521263
285   0.522668
286   0.522019
287   0.523429
288   0.523292
289   0.522151
290   0.521649
291   0.523131
292   0.521791
293   0.521466
294   0.521571
295   0.52261
296   0.522015
297   0.52226
298   0.522843
299   0.523431
