0   0.5208052728638755
1   0.5207117000204904
2   0.5212000546410764
3   0.5212287412062018
4   0.5211215080937095
5   0.5216966054231268
6   0.5214315962024452
7   0.5218666757735128
8   0.5216310361314118
9   0.5220907041868725
10   0.5215039956287139
11   0.5212389864080322
12   0.5224574824124035
13   0.5216494774947067
14   0.5216815791271088
15   0.5217860801857797
16   0.5223905470937777
17   0.5219964483300321
18   0.521672699952189
19   0.5220674817293901
20   0.5219240489037634
21   0.5215702479338843
22   0.5210538897616283
23   0.5227532272385766
24   0.5218393552352981
25   0.5212751861211666
26   0.5221986203128202
27   0.5223113175329555
28   0.5220756778908544
29   0.5220749948773991
30   0.5214254490813469
31   0.522166518680418
32   0.5217485144457346
33   0.5217812990915921
34   0.5215606857455092
35   0.5221023154156137
36   0.5222136466088382
37   0.5225005122600915
38   0.5217901782665119
39   0.521756710607199
40   0.5226255037224233
41   0.522596817157298
42   0.5221603715593197
43   0.5223447851922682
44   0.5226623864490131
45   0.5224342599549211
46   0.5227088313639778
47   0.5229048562256676
48   0.5217505634861007
49   0.5216515265350727
50   0.5222778498736426
51   0.521599617512465
52   0.5224028413359744
53   0.5213728570452838
54   0.522611843453316
55   0.5215613687589645
56   0.5219185847961205
57   0.5222758008332764
58   0.5217833481319581
59   0.5224506522778499
60   0.5219896181954784
61   0.5224267468069121
62   0.5217676388224848
63   0.5213462195205245
64   0.5218776039887986
65   0.5217375862304487
66   0.522295608223482
67   0.5223714227170275
68   0.5225585684037976
69   0.5224035243494297
70   0.5218352571545659
71   0.5229793046923025
72   0.5222232087972133
73   0.5226070623591285
74   0.5214432074311864
75   0.5224697766546001
76   0.5222293559183115
77   0.5226111604398607
78   0.5217054845980466
79   0.5220838740523188
80   0.5222109145550168
81   0.5217983744279763
82   0.5224124035243495
83   0.5224629465200464
84   0.522303121371491
85   0.5227914759920771
86   0.522189058124445
87   0.5218803360426201
88   0.5214998975479817
89   0.5215292671265624
90   0.5214766750904993
91   0.5209760262277167
92   0.5216119117546616
93   0.5220606515948364
94   0.5223905470937777
95   0.5219991803838535
96   0.5216569906427156
97   0.5218946793251827
98   0.5215914213510006
99   0.5222682876852675
100   0.5215108257632676
101   0.5222471142681511
102   0.5217840311454136
103   0.521333925278328
104   0.5223775698381258
105   0.5226541902875487
106   0.5215374632880267
107   0.5217095826787788
108   0.52263779796462
109   0.5208353254559115
110   0.5220592855679257
111   0.5218174988047265
112   0.5223338569769824
113   0.5226630694624684
114   0.5222396011201421
115   0.5234000409808073
116   0.5227518612116658
117   0.5227067823236118
118   0.5225790588074585
119   0.5219281469844956
120   0.5222307219452224
121   0.5220039614780411
122   0.5220647496755686
123   0.5221480773171231
124   0.522308585479134
125   0.5222273068779455
126   0.5208947476265282
127   0.52249778020627
128   0.5220524554333721
129   0.522194522232088
130   0.5228208455706578
131   0.5232176763882248
132   0.5237470118161328
133   0.5239314254490813
134   0.5226138924936822
135   0.5234137012499146
136   0.5227224916330852
137   0.5230920019124377
138   0.5224690936411447
139   0.5224274298203675
140   0.522682876852674
141   0.5224294788607335
142   0.5226050133187624
143   0.5226104774264053
144   0.5237599890717847
145   0.5235059080663889
146   0.5224745577487877
147   0.523161669284885
148   0.5237278874393826
149   0.5237538419506864
150   0.5234539990437812
151   0.5230257496072672
152   0.5225585684037976
153   0.5226459941260843
154   0.5230503380916605
155   0.5222389181066867
156   0.5223126835598662
157   0.5227580083327642
158   0.5227231746465405
159   0.5219124376750222
160   0.5220483573526399
161   0.5221282699269175
162   0.5221767638822484
163   0.5219083395942901
164   0.5225551533365207
165   0.52233863807117
166   0.521930879038317
167   0.523034628782187
168   0.522245065227785
169   0.5223352230038931
170   0.5227532272385766
171   0.5225319308790383
172   0.5233310566218154
173   0.5225503722423331
174   0.521829793046923
175   0.5223024383580357
176   0.522424697766546
177   0.523133665733215
178   0.5237565740045079
179   0.5229594973020969
180   0.5218844341233523
181   0.5228789017143638
182   0.5230967830066252
183   0.5228481661088723
184   0.5225763267536371
185   0.5237634041390615
186   0.5231480090157776
187   0.5226869749334062
188   0.5225811078478246
189   0.5232327026842429
190   0.5237490608564989
191   0.5230639983607677
192   0.522761423400041
193   0.5220517724199166
194   0.5220381121508094
195   0.5223229287616966
196   0.523363841267673
197   0.5217731029301277
198   0.5224472372105731
199   0.5223591284748309
200   0.522273068779455
201   0.5225981831842087
202   0.5226234546820573
203   0.5218782870022539
204   0.5226302848166109
205   0.5232654873301004
206   0.5236233863807117
207   0.5228502151492385
208   0.5231200054641076
209   0.5229014411583908
210   0.52341438426337
211   0.52365753705348
212   0.5233399357967352
213   0.5231350317601257
214   0.5233693053753159
215   0.5226425790588075
216   0.5221726658015163
217   0.5216918243289392
218   0.5212902124171847
219   0.5221023154156137
220   0.5218455023563964
221   0.5219069735673793
222   0.5219124376750222
223   0.5220394781777201
224   0.5217519295130114
225   0.5226186735878697
226   0.5219848371012908
227   0.5224567993989482
228   0.5232914418414043
229   0.5225449081346902
230   0.522267604671812
231   0.5225831568881907
232   0.5233870637251554
233   0.5223406871115361
234   0.5225824738747353
235   0.5227832798306127
236   0.5232818796530292
237   0.5222163786626597
238   0.5225647155248958
239   0.5222532613892493
240   0.5221514923844
241   0.5227204425927191
242   0.5219500034150673
243   0.5226043303053071
244   0.5228085513284612
245   0.5230783416433303
246   0.5220046444914965
247   0.5232846117068506
248   0.5238556109555358
249   0.5217751519704938
250   0.5227532272385766
251   0.5232764155453863
252   0.5227279557407281
253   0.5225394440270473
254   0.5225633494979851
255   0.522568813605628
256   0.5227791817498805
257   0.521736220203538
258   0.5225722286729049
259   0.5223953281879653
260   0.5223482002595451
261   0.5220415272180862
262   0.5225913530496551
263   0.5220886551465064
264   0.5230318967283656
265   0.5222928761696606
266   0.5230988320469914
267   0.5227190765658083
268   0.522948569086811
269   0.5219786899801926
270   0.5225005122600915
271   0.5223639095690185
272   0.5223120005464108
273   0.522131001980739
274   0.5223147326002322
275   0.5222074994877399
276   0.5226261867358787
277   0.5223434191653575
278   0.5220367461238986
279   0.5224185506454477
280   0.5227320538214603
281   0.5231930879038317
282   0.5228536302165153
283   0.5234881497165494
284   0.5239669421487604
285   0.5238228263096782
286   0.5225940851034765
287   0.5232279215900554
288   0.5227382009425585
289   0.5230667304145892
290   0.5232593402090021
291   0.5239355235298135
292   0.5229786216788471
293   0.5222088655146506
294   0.5240700771805205
295   0.5237190082644628
296   0.5239259613414384
297   0.5235427907929786
298   0.5227723516153269
299   0.5221002663752476
300   0.5224848029506182
301   0.5224882180178949
302   0.5227422990232907
303   0.5236903216993375
304   0.5226630694624684
305   0.522725906700362
306   0.5234321426132095
307   0.5223707397035722
308   0.5228345058397651
309   0.521986886141657
310   0.5237634041390615
311   0.522252578375794
312   0.5230114063247046
313   0.5232108462536712
314   0.523070145481866
315   0.5229014411583908
316   0.5229403729253467
317   0.5226459941260843
318   0.5231609862714296
319   0.5220312820162557
320   0.5235844546137559
321   0.5229499351137218
322   0.5231159073833754
323   0.5231664503790725
324   0.5234533160303257
325   0.5237265214124718
326   0.5238378526056964
327   0.5226473601529951
328   0.5231603032579741
329   0.5235796735195684
330   0.5227914759920771
331   0.5238262413769551
332   0.5229977460555973
333   0.5234553650706919
334   0.5226289187897002
335   0.522508708421556
336   0.5233105662181545
337   0.5235885526944881
338   0.5233112492316099
339   0.5232279215900554
340   0.5243084488764429
341   0.5234553650706919
342   0.523350864012021
343   0.5234635612321563
344   0.5235127382009426
345   0.5236438767843726
346   0.5227300047810942
347   0.5225367119732258
348   0.5231541561368759
349   0.5221562734785875
350   0.5225114404753773
351   0.5234273615190219
352   0.5231445939485008
353   0.5224889010313504
354   0.5233884297520661
355   0.5238009698791066
356   0.5223017553445803
357   0.5228536302165153
358   0.5225319308790383
359   0.5220463083122737
360   0.5232764155453863
361   0.5231568881906974
362   0.5239642100949389
363   0.5240072399426269
364   0.5231309336793935
365   0.5241629670104501
366   0.5235263984700499
367   0.5238071170002049
368   0.5243186940782734
369   0.5246383443753841
370   0.5245563827607403
371   0.5239833344716891
372   0.5235619151697288
373   0.5240489037634042
374   0.5234000409808073
375   0.5232142613209481
376   0.5237244723721057
377   0.5221542244382215
378   0.5229226145755071
379   0.5237784304350795
380   0.5235987978963186
381   0.5232757325319308
382   0.5236916877262482
383   0.5232730004781094
384   0.5232101632402159
385   0.5232504610340823
386   0.5231568881906974
387   0.5242667850556656
388   0.5241096919609316
389   0.5235120551874872
390   0.523492930810737
391   0.5234007239942627
392   0.5228925619834711
393   0.5230223345399905
394   0.5238043849463835
395   0.5234867836896386
396   0.5235038590260228
397   0.5235011269722013
398   0.5224991462331808
399   0.5235298135373266
400   0.5241370124991462
401   0.5235707943446486
402   0.5226275527627894
403   0.5227846458575234
404   0.5237278874393826
405   0.523337886756369
406   0.5230838057509732
407   0.5232408988457072
408   0.5225421760808688
409   0.5223748377843044
410   0.5228891469161943
411   0.5236889556724268
412   0.5229670104501059
413   0.5234553650706919
414   0.5230523871320265
415   0.523363841267673
416   0.5232825626664845
417   0.5222559934430708
418   0.5221514923844
419   0.5228085513284612
420   0.5228543132299707
421   0.5239819684447784
422   0.5235680622908271
423   0.5234492179495936
424   0.5238924936821255
425   0.5231623522983403
426   0.5236848575916946
427   0.5239662591353049
428   0.5237497438699542
429   0.5226050133187624
430   0.5234553650706919
431   0.522654873301004
432   0.522682876852674
433   0.5221050474694352
434   0.523236800764975
435   0.5230004781094187
436   0.5232600232224575
437   0.5222293559183115
438   0.5225756437401817
439   0.5215518065705894
440   0.5226637524759238
441   0.5227716686018714
442   0.5233850146847893
443   0.5221289529403729
444   0.5236254354210778
445   0.522933542790793
446   0.5224287958472782
447   0.5223925961341438
448   0.5235503039409877
449   0.5228215285841131
450   0.5227750836691483
451   0.5228017211939076
452   0.5232750495184755
453   0.523550986954443
454   0.5235366436718804
455   0.5226842428795847
456   0.5223099515060446
457   0.5233542790792979
458   0.5224499692643945
459   0.5222737517929104
460   0.5229178334813196
461   0.5235632811966395
462   0.5232572911686361
463   0.5232846117068506
464   0.5243972406256403
465   0.5233877467386108
466   0.5238583430093573
467   0.524254490813469
468   0.5233392527832799
469   0.5230728775356874
470   0.5233132982719759
471   0.5231603032579741
472   0.522862509391435
473   0.5235516699678984
474   0.5238795164264736
475   0.5239566969469298
476   0.5231473260023223
477   0.5235523529813537
478   0.5231384468274025
479   0.5226787787719418
480   0.5228802677412745
481   0.523113175329554
482   0.522999112082508
483   0.5230441909705621
484   0.5232135783074927
485   0.5227088313639778
486   0.522424697766546
487   0.52301208933816
488   0.5226200396147804
489   0.5224731917218769
490   0.5226056963322178
491   0.5226343828973431
492   0.5238761013591968
493   0.5241076429205656
494   0.5229533501809985
495   0.524016802131002
496   0.5239594290007513
497   0.5228413359743187
498   0.5228078683150058
499   0.5229308107369716
500   0.5227846458575234
501   0.5223871320265009
502   0.5236814425244177
503   0.5233051021105116
504   0.5228058192746398
505   0.5232108462536712
506   0.5224506522778499
507   0.5230114063247046
508   0.5227805477767912
509   0.5226159415340482
510   0.5231623522983403
511   0.5225756437401817
512   0.5228304077590329
513   0.5232989549894133
514   0.5233098832046992
515   0.5230264326207227
516   0.5228789017143638
517   0.5226227716686018
518   0.523247728980261
519   0.5230967830066252
520   0.5237012499146233
