0   0.40470049859982243
0   0.4056512533296906
0   0.4060808687931152
0   0.40539239123010723
0   0.40621542244382214
0   0.4048241240352435
0   0.4047551396762516
0   0.4047968034970289
0   0.40560549142818114
1   0.4525278327983061
2   0.4701154292739567
3   0.4789618195478451
4   0.48601939758213236
5   0.4920907041868725
6   0.49562734785875284
7   0.4988969332695854
8   0.5015934703913667
9   0.503098149033536
10   0.5048603237483779
11   0.5066880677549348
12   0.508106686701728
13   0.5091701386517314
14   0.5104767433918448
15   0.5116269380506796
16   0.5118748719349772
17   0.5121330510211051
18   0.5120845570657742
19   0.5132518270609931
20   0.5139355235298135
21   0.5143897274776313
22   0.5141745782391913
23   0.5146164879448125
24   0.5150877672290144
25   0.5143767502219794
26   0.5151758759647566
27   0.515416296701045
28   0.515990711017007
29   0.515702479338843
30   0.5152913052387132
31   0.5168649682398744
32   0.5159237756983812
33   0.5166525510552558
34   0.5169011679530087
35   0.5167003619971313
36   0.5162290827129294
37   0.5163800286865651
38   0.5164155453862441
39   0.5171757393620654
40   0.5164319377091728
41   0.516188784919063
42   0.51682876852674
43   0.5166627962570862
44   0.5165903968308175
45   0.5173280513626118
46   0.5168260364729185
47   0.5175466156683287
48   0.5176477016597227
49   0.5181435694283177
50   0.5172419916672358
51   0.5181415203879517
52   0.5179393484051635
53   0.5177884024315279
54   0.5181442524417731
55   0.5187391571613961
56   0.5189160576463356
57   0.518478929034902
58   0.5194037292534663
59   0.5187657946861554
60   0.5184591216446964
61   0.5186483163718325
62   0.5178983675978417
63   0.5187343760672085
64   0.519928966600642
65   0.5184782460214467
66   0.5191346219520525
67   0.5188873710812103
68   0.5183457414111058
69   0.5185581585957243
70   0.5187548664708694
71   0.5190021173417116
72   0.5195457960521822
73   0.5191933611092139
74   0.5194850078546548
75   0.5187828700225394
76   0.5195792637114951
77   0.5197629943309883
78   0.5202267604671812
79   0.520179632538761
80   0.5197807526808278
81   0.5197445529676935
82   0.5196625913530497
83   0.5192097534321426
84   0.5199938528789018
85   0.5200232224574824
86   0.5194604193702616
87   0.5206481797691415
88   0.5205286524144526
89   0.5198456389590875
90   0.519926917560276
91   0.5203230653643877
92   0.5196147804111741
93   0.5193142544908135
94   0.5198715934703914
95   0.5197937299364798
96   0.5190745167679803
97   0.5203421897411379
98   0.5199105252373472
99   0.5198654463492931
100   0.5198053411652209
101   0.5194262686974933
102   0.5195731165903968
103   0.519468615531726
104   0.5189529403729254
105   0.5203729253466294
106   0.5199836076770712
107   0.5200840106550099
108   0.5203708763062632
109   0.5203298954989414
110   0.5195683354962093
111   0.5199146233180794
112   0.5198524690936411
113   0.5202499829246636
114   0.5196154634246295
115   0.5213011406324705
116   0.5204624001092821
117   0.5212116658698176
118   0.5206932586571955
119   0.5200443958745987
120   0.5205416296701045
121   0.5193347448944744
122   0.5205607540468548
123   0.5213612458165426
124   0.5203196502971108
125   0.520409808073219
126   0.5210122259408511
127   0.520265692234137
128   0.5200819616146438
129   0.5200122942421965
130   0.5200723994262687
131   0.5206495457960522
132   0.5210948705689502
133   0.5208045898504201
134   0.5213270951437743
135   0.5214527696195616
136   0.5215354142476607
137   0.5205307014548186
138   0.5207362885048835
139   0.5202895977050748
140   0.5215162898709105
141   0.5206755003073561
142   0.5210600368827266
143   0.5201202103681443
144   0.5204712792842019
145   0.5204583020285499
146   0.520847619698108
147   0.5201536780274572
148   0.5202458848439314
149   0.5209732941738953
150   0.5215600027320538
151   0.5215750290280718
152   0.5214015436104091
153   0.5209691960931631
154   0.521887849190629
155   0.5211372174031829
156   0.5204002458848439
157   0.520336725633495
158   0.5200717164128134
159   0.5210552557885391
160   0.5209965166313777
161   0.5204111741001298
162   0.5204562529881839
163   0.5198879857933201
164   0.5211071648111468
165   0.5204364455979783
166   0.5208278123079024
167   0.5209903695102793
168   0.5207793183525715
169   0.5207724882180179
170   0.5213626118434533
171   0.5215955194317328
172   0.521579127108804
173   0.5204562529881839
174   0.5209452906222253
175   0.5211822962912369
176   0.5212130318967284
177   0.5206365685404002
178   0.5198954989413291
179   0.520101085991394
180   0.5206591079844273
181   0.5215203879516427
182   0.5218209138720032
183   0.5222771668601871
184   0.5216795300867427
185   0.522016938733693
186   0.5210094938870296
187   0.5219875691551124
188   0.5217314391093505
189   0.5226391639915307
190   0.5210825763267536
191   0.5220852400792295
192   0.5218564305716823
193   0.5211276552148078
194   0.5211741001297726
195   0.5213687589645516
196   0.5218420872891196
197   0.5221692507342395
198   0.5219062905539239
199   0.5224294788607335
200   0.521994399289666
201   0.5221330510211051
202   0.5221248548596408
203   0.5211051157707807
204   0.5212485485964073
205   0.5217963253876101
206   0.5213667099241855
207   0.5209582678778772
208   0.5211679530086742
209   0.5206427156614986
210   0.521341438426337
211   0.5206905266033741
212   0.5212615258520593
213   0.5206898435899188
214   0.5219342941055939
215   0.5218653097466021
216   0.5225790588074585
217   0.5216078136739294
218   0.5207588279489106
219   0.521341438426337
220   0.5210736971518339
221   0.5208080049176969
222   0.5214165699064272
223   0.5214814561846869
224   0.5209145550167338
225   0.5221965712724541
226   0.5212581107847825
227   0.5228058192746398
228   0.5222266238644901
229   0.5215012635748925
230   0.5222361860528653
231   0.5216638207772694
232   0.5222314049586777
233   0.5217273410286183
234   0.5218946793251827
235   0.52145003756574
236   0.5216378662659654
237   0.5225811078478246
238   0.5218673587869681
239   0.5216788470732874
240   0.521579127108804
241   0.5222723857659995
242   0.5219295130114063
243   0.522194522232088
244   0.5214739430366778
245   0.5221562734785875
246   0.5209644149989755
247   0.5223912301072331
248   0.5222990232907588
249   0.5210825763267536
250   0.5214131548391503
251   0.5223495662864558
252   0.5227744006556929
253   0.5223905470937777
254   0.5224629465200464
255   0.5216365002390547
256   0.5216918243289392
257   0.5214520866061061
258   0.5214882863192405
259   0.5226261867358787
260   0.5216870432347517
261   0.5225059763677344
262   0.5220538214602828
263   0.5220258179086128
264   0.5222758008332764
265   0.5226712656239328
266   0.5217403182842703
267   0.5219677617649068
268   0.5221351000614712
269   0.5231903558500103
270   0.5221733488149717
271   0.5225599344307083
272   0.5224663615873233
273   0.5224731917218769
274   0.5225729116863602
275   0.5227081483505225
276   0.5227013182159689
277   0.5226726316508435
278   0.5229178334813196
279   0.5230537531589372
280   0.5238740523188307
281   0.5230359948090978
282   0.5224110374974387
283   0.5220032784645857
284   0.5221726658015163
285   0.522439724062564
286   0.5225182706099311
287   0.5215661498531521
288   0.5217608086879312
289   0.5225421760808688
290   0.5225879379823782
291   0.5219199508230312
292   0.5209323133665733
293   0.5213052387132027
294   0.5206153951232839
295   0.5216528925619834
296   0.5204897206474968
297   0.5209814903353596
298   0.5221351000614712
299   0.5214527696195616
300   0.520890649545796