0 0.6713580246913581
1 0.5117283950617284
2 0.48703703703703705
3 0.47901234567901235
4 0.48987654320987656
5 0.4876543209876543
6 0.5064197530864197
7 0.4541975308641975
8 0.47555555555555556
9 0.4651851851851852
10 0.4482716049382716
11 0.43765432098765433
12 0.44234567901234567
13 0.4491358024691358
14 0.43851851851851853
15 0.43419753086419755
16 0.4393827160493827
17 0.457037037037037
18 0.4288888888888889
19 0.4088888888888889
20 0.41185185185185186
21 0.4301234567901235
22 0.39469135802469135
23 0.37925925925925924
24 0.38271604938271603
25 0.37765432098765433
26 0.375679012345679
27 0.40074074074074073
28 0.37530864197530867
29 0.4077777777777778
30 0.42987654320987656
31 0.42530864197530865
32 0.39123456790123456
33 0.37765432098765433
34 0.4082716049382716
35 0.45024691358024693
36 0.4291358024691358
37 0.41345679012345676
38 0.3945679012345679
39 0.37666666666666665
40 0.3977777777777778
41 0.4111111111111111
42 0.4177777777777778
43 0.4255555555555556
44 0.42098765432098767
45 0.4159259259259259
46 0.4271604938271605
47 0.40185185185185185
48 0.40185185185185185
49 0.37308641975308643
50 0.374320987654321
51 0.3585185185185185
52 0.34098765432098765
53 0.35518518518518516
54 0.3798765432098765
55 0.3449382716049383
56 0.33901234567901234
57 0.33012345679012345
58 0.33185185185185184
59 0.3011111111111111
60 0.33197530864197533
61 0.37037037037037035
62 0.37148148148148147
63 0.3530864197530864
64 0.36407407407407405
65 0.375679012345679
66 0.3603703703703704
67 0.3434567901234568
68 0.36
69 0.34703703703703703
70 0.34901234567901235
71 0.3611111111111111
72 0.3528395061728395
73 0.37703703703703706
74 0.3655555555555556
75 0.3739506172839506
76 0.3333333333333333
77 0.37382716049382714
78 0.37703703703703706
79 0.3611111111111111
80 0.38925925925925925
81 0.3592592592592593
82 0.37851851851851853
83 0.37790123456790126
84 0.36074074074074075
85 0.3797530864197531
86 0.3925925925925926
87 0.3928395061728395
88 0.38395061728395063
89 0.3739506172839506
90 0.3961728395061728
91 0.401358024691358
92 0.39530864197530863
93 0.41530864197530865
94 0.38567901234567903
95 0.3940740740740741
96 0.3808641975308642
97 0.39024691358024693
98 0.4317283950617284
99 0.37246913580246915
100 0.3682716049382716
101 0.35345679012345677
102 0.38481481481481483
103 0.3558024691358025
104 0.3511111111111111
105 0.3617283950617284
106 0.36876543209876544
107 0.3697530864197531
108 0.41962962962962963
109 0.37592592592592594
110 0.3460493827160494
111 0.36777777777777776
112 0.3791358024691358
113 0.3608641975308642
0 0.37666666666666665
1 0.3634567901234568
2 0.38049382716049385
3 0.38382716049382715
4 0.3845679012345679
5 0.348641975308642
6 0.35604938271604936
7 0.35518518518518516
8 0.36728395061728397
9 0.38382716049382715
10 0.38407407407407407
11 0.3664197530864198
12 0.36925925925925923
13 0.37555555555555553
14 0.37790123456790126
15 0.3904938271604938
16 0.38222222222222224
17 0.3906172839506173
18 0.3828395061728395
19 0.4048148148148148
20 0.4025925925925926
21 0.42493827160493824
22 0.4128395061728395
23 0.387037037037037
24 0.3251851851851852
25 0.3519753086419753
26 0.3693827160493827
27 0.3908641975308642
28 0.3638271604938272
29 0.3253086419753086
30 0.35333333333333333
31 0.3603703703703704
32 0.387037037037037
33 0.361358024691358
