#1:cfg  2:plaquette
1 0.7276955644706821
2 0.6882086014948374
3 0.6642702450443347
4 0.6459821352637392
5 0.6319136684175187
6 0.6208653101514355
7 0.6140293391247991
8 0.6078967912169628
9 0.6016674263119498
10 0.5978107859970261
11 0.592822887959786
12 0.5892221784337311
13 0.5847639792913314
14 0.583199912296993
15 0.5805601256018965
16 0.5788640553479671
17 0.5780684323410571
18 0.5767575322175825
19 0.5754141043450635
20 0.5733750091463182
21 0.5731387958738059
22 0.5714649392820436
23 0.5698961967840638
24 0.5690137256561314
25 0.5695084378030194
26 0.5692786764388232
27 0.5683265964729781
28 0.5673079613512019
29 0.5679236404740658
30 0.5668691229963597
31 0.5670445723445562
32 0.5661673723420576
33 0.5664391832633919
34 0.565806393165799
35 0.5655584140063863
36 0.5654503014861336
37 0.5657950511008418
38 0.5647890753286923
39 0.5642244802777092
40 0.5655013927432083
41 0.564989852566434
42 0.5632888352103741
43 0.5632792203524655
44 0.5646708445100052
45 0.5637031311536447
46 0.5633353771489811
47 0.561837090756029
48 0.5618912413030742
49 0.5617199414365482
50 0.5635710028751965
51 0.5614329081004837
52 0.5610839158253583
53 0.5607774624165143
54 0.5610836884847478
55 0.5604713774926076
56 0.5594610146470675
57 0.5600171132639705
58 0.5602001975271446
59 0.5604984112764261
60 0.5601967656749541
61 0.5604816093337799
62 0.5596466815380908
63 0.5603694453737501
64 0.5579247126481245
65 0.5583297383501571
66 0.5582575529319803
67 0.5587974263393205
68 0.5588647834879967
69 0.5586074250816272
70 0.5581647142802306
71 0.5583438399781094
72 0.5587845356137487
73 0.5566700214726166
74 0.5565400483297179
75 0.5568147321206929
76 0.5573561431972716
77 0.5568675568336621
78 0.55700317494204
79 0.556504144051191
80 0.5569141537700836
81 0.5572059888521798
82 0.5572811660398711
83 0.5570266373204296
84 0.5574664924976126
85 0.5573072854118303
86 0.5561461743651366
87 0.5552832246938064
88 0.5567367955153548
89 0.5562055416400599
90 0.5560033608584593
91 0.5572957723308899
92 0.5569388163388987
93 0.5578615459742593
94 0.5568046627771018
95 0.5559545355617878
96 0.5560173500152942
97 0.5559369140424839
98 0.555940707624954
99 0.5566722504286311
100 0.5575050651443794
101 0.5564817750806803
102 0.557839687189589
103 0.5572356522885845
104 0.5575468600060243
105 0.5563923710977678
106 0.5557889492796181
107 0.5555194239672976
108 0.5548602359569591
109 0.5560578288679617
110 0.5570379965489441
111 0.5581846117246682
112 0.5560502001618979
113 0.5559597644564536
114 0.5546210188064107
115 0.5548849945895663
116 0.5557181937818724
117 0.5546845224100542
118 0.5548401044253571
119 0.5548469279252466
120 0.5558336034356579
121 0.5546679461078415
122 0.554695093589996
123 0.5556434654882539
124 0.5555701531899458
125 0.5549153281430492
126 0.5539501600539273
127 0.5558770999523477
128 0.5558329384198052
129 0.5558343698120289
130 0.5545334838835693
131 0.5559238432178512
132 0.5535941117606494
133 0.5549250090477832
134 0.5532790875558978
135 0.5544303881461043
136 0.5548254974979959
137 0.554736978676907
138 0.5540910927751912
139 0.5542243423076841
140 0.5542405167615742
141 0.5540794728079824
142 0.5547837336239266
143 0.5541659123471107
144 0.5544716488718592
145 0.5550370940084519
146 0.5553398988203649
147 0.5547835468343353
148 0.5540536362067078
149 0.5537594263831663
150 0.5533342172311757
151 0.5538370577331129
152 0.5532641088209261
153 0.5535262596818169
154 0.5540885167310009
155 0.5549692766741555
156 0.5546742791080748
157 0.5556190711003912
158 0.5554461848607274
159 0.5552564909799512
160 0.5547138433123707
161 0.5549997922886931
162 0.5546556593820294
163 0.5548643572595746
164 0.5550519721665057
165 0.5548957105335798
166 0.5547504993352924
167 0.5534525358619105
168 0.5535430457186804
169 0.5529250009602118
170 0.5541155533911983
171 0.5527300949956028
172 0.552140061770165
173 0.553016669359634
174 0.5539689033459797
175 0.5548020362567704
176 0.5554252593987933
177 0.5559546462464509
178 0.5561639852182828
179 0.5552226571972624
180 0.552554588541936
181 0.5519406167231391
182 0.5519606292274905
183 0.5509290567524078
184 0.5517471497374511
185 0.5519276775728413
186 0.551664580902208
187 0.5531642519890635
188 0.5524360864681808
189 0.5512039294107726
190 0.5530725260021162
191 0.552958791280893
192 0.5534203577906173
193 0.5534035894773794
194 0.5522036433080727
195 0.5525336533039266
196 0.5524644066618968
197 0.5512344449576158
198 0.5497438718528062
199 0.5512720329917211
200 0.5512215356780916
201 0.5508059143836155
202 0.5515976453488418
203 0.5528669911770261
204 0.5531183898591655
205 0.5528515189910062
206 0.5538095687014754
207 0.552623638981638
208 0.5543253684648579
209 0.553480456435036
210 0.5536702349626493
211 0.5525982312719899
212 0.5534165908409939
213 0.552238471507991
214 0.5511663980459692
215 0.5514138158655778
216 0.5521018396323133
217 0.5528395120169808
218 0.5535683764209213
219 0.5549767824201922
220 0.5539420353160556
221 0.5547024508264532
222 0.5529762230267611
223 0.5526987994846598
224 0.5532868551363521
225 0.5529794657122068
226 0.5523517957329698
227 0.5525495861619563
228 0.5506170480009329
229 0.551611693482497
230 0.5511963553480228
231 0.5521069123489054
232 0.5512814652849366
233 0.5519590461223517
234 0.5515435378257195
235 0.5514187415322681
236 0.5516209594734687
237 0.5522061250429813
238 0.5512634698345805
239 0.5517597508975082
240 0.5522986010673655
241 0.5524097508038063
242 0.5517266808375954
243 0.5509558042074266
244 0.5521176605453894
245 0.5521443286794285
246 0.5518831486592253
247 0.5498000557081466
248 0.5511163251894899
249 0.5515863313646271
250 0.5511341515612463
251 0.5522429824269878
252 0.5521554317315726
253 0.5521379297272359
254 0.5516262529782258
255 0.5522763002886227
256 0.5528001562770264
257 0.5530116954940327
258 0.5511868156909242
259 0.5499511840585575
260 0.5500625517430408
261 0.5505588141158273
262 0.5513308370741508
263 0.551010489170717
264 0.5500050016307464
265 0.5501588511022362
266 0.5500176436583238
267 0.5515034628272338
268 0.5499270471553724
269 0.5500719630109417
270 0.5509061850699865
271 0.5498311425551776
272 0.5494952054227636
273 0.5493400169606643
274 0.5495897726837667
275 0.5501776400855641
276 0.5493807686761424
277 0.5494810734651524
278 0.5491541079441479
279 0.5487479550869122
280 0.5483942818453466
281 0.5500032034227332
282 0.5502842132852782
283 0.5506475780841745
284 0.5511879634224677
285 0.5503704980991467
286 0.55109799838247
287 0.551626141840495
288 0.5505883194264107
289 0.5504984346900322
290 0.5507722415484707
291 0.5515727658340083
292 0.5520197412025042
293 0.5524849560366052
294 0.5537896223236262
295 0.553454946152817
296 0.5534742264721829
297 0.5531770144285453
298 0.5528147018431538
299 0.5544076614127599
300 0.5546068823260512
301 0.5531644615994246
302 0.5535122069982373
303 0.5534771609545037
304 0.5525297037714868
305 0.5533717680008893
306 0.5522685982930126
307 0.5531171226204646
308 0.5537814318120614
309 0.5538445016897954
310 0.5538944702690477
311 0.5531372973368199
312 0.5522554054211802
313 0.5525424489475794
314 0.552156522412466
315 0.5515945527988896
316 0.5518113025965297
317 0.5515938401959496
318 0.5512633757926425
319 0.5528847883733817
320 0.5520336384975837
321 0.5507495091162578
322 0.5514369062797081
323 0.5513113804613595
324 0.5506963876524642
325 0.5506139511408773
326 0.5496635082953145
327 0.5513994155545171
328 0.5517738897688041
329 0.551967244977908
330 0.5533369345774027
331 0.5521094212157575
332 0.5508664724881325
333 0.5515487871105262
334 0.5508683053915783
335 0.5495422920860311
336 0.5514985014734209
337 0.5511063374022119
338 0.5514481088140647
339 0.5504346300376344
340 0.5511931237889004
341 0.5512978150415475
342 0.5511554455875579
343 0.5500991321218088
344 0.550059376069002
345 0.5487046030734762
346 0.5508914235195465
347 0.5514425318465139
348 0.5512418502452813
349 0.5512186899852063
350 0.5519924970839133
351 0.5518719068101935
352 0.5521496268033317
353 0.5529638043187175
354 0.5527575315444767
355 0.5517792475705157
356 0.5511900208997061
357 0.5525343589499904
358 0.5519543864769252
359 0.5535880407762687
360 0.5513492712969915
361 0.5518717431327258
362 0.5514517944154751
363 0.5511391073861338
364 0.5517390817880106
365 0.5500794162521115
366 0.5525508966722372
367 0.5518321948711428
368 0.5504605157583585
369 0.5510281131745308
370 0.5512474021687573
371 0.5520004913148739
372 0.5515072560093197
373 0.5515292663885957
374 0.5507788473380847
375 0.5513166556144531
376 0.5509490661897493
377 0.5500579108553388
378 0.5509020715829066
379 0.5524931451494887
380 0.5522998992075524
381 0.5513522779648511
382 0.5510281848572071
383 0.5505770289545023
384 0.5501512940003397
385 0.5505047547096429
386 0.552247452924324
387 0.5526039167441358
388 0.5519753565994765
389 0.5537090109899608
390 0.55173784277479
391 0.5505019127053762
392 0.5520666314219834
393 0.5518725249898739
394 0.5514831747843641
395 0.5529749422424034
396 0.5526168889994648
397 0.5526445892046012
398 0.5524959722893489
399 0.5517379018422518
400 0.551248383803276
401 0.5520150199601391
402 0.5501092065477267
403 0.5508321223001645
404 0.5516795323546467
405 0.5512809567155896
406 0.5517244457626084
407 0.5523140523869695
408 0.5521040293758408
409 0.5508383172560992
410 0.5504991738566775
411 0.5502472942966871
412 0.5509347102322676
413 0.5499535899453317
414 0.5493683639390518
415 0.5493749275375137
416 0.5492349054556404
417 0.550391116841601
418 0.5509922732308014
419 0.5503778591484872
420 0.5505291257464717
421 0.5505106868562418
422 0.5509452788097204
423 0.5496670188167893
424 0.5514672644103437
425 0.5522201985151661
426 0.5501501372553309
427 0.5513793319518537
428 0.5498081475222479
429 0.5492157362131728
430 0.5499307406535671
431 0.5491898289022047
432 0.5489909154333402
433 0.5495057616363964
434 0.5494171444602337
435 0.5487142983523905
436 0.5503462667040226
437 0.5512048530574558
438 0.5500274994182024
439 0.5497825180332968
440 0.5494407171033061
441 0.5504203933558354
442 0.549107349955771
443 0.5487939354062
444 0.548577343315534
445 0.5487511601098632
446 0.549406025504237
447 0.5484011704723497
448 0.5494242047187178
449 0.5504341996497372
450 0.5495617213710233
451 0.55027144357366
452 0.5495273644105433
453 0.5496850708146321
454 0.551189970538163
455 0.5501417219750423
456 0.5504845147408993
457 0.5521331825226007
458 0.5513260971688893
459 0.5509498290721913
460 0.5502439553973095
461 0.5503749515604165
462 0.5513613380682649
463 0.5509279747322909
464 0.5510960596410522
465 0.550584774023868
466 0.5507621146523138
467 0.5496470303347983
468 0.5497088697057004
469 0.5496340526215723
470 0.5495464315242623
471 0.5497668060666865
472 0.5495279990000203
473 0.5503455456384886
474 0.5504269822847374
475 0.5491639424234345
476 0.5490539620394924
477 0.5478606832993483
478 0.548875047444934
479 0.5500704735092051
480 0.549182879646258
481 0.5502608478657204
482 0.5500947855402577
483 0.5491179002315488
484 0.5474853792143407
485 0.5481225656337643
486 0.5487404457038064
487 0.548672218183007
488 0.5488371121332082
489 0.5491466668078159
490 0.5494561061111024
491 0.5494075352316614
492 0.5516540659998997
493 0.5508672714735137
494 0.5511784055115493
495 0.5503867725639479
496 0.5512741633854965
497 0.5500086754540497
498 0.5508453118336968
499 0.551342251188107
500 0.5505064526343363
501 0.5505360311866877
502 0.5521793134239299
503 0.5508743197664839
504 0.5479564656276326
505 0.5479032948039365
506 0.54776150843612
507 0.547757728588437
508 0.5489770864756988
509 0.5490259463959102
510 0.5494228555469394
511 0.5493464071262619
512 0.5496256725921077
513 0.5498660089568915
514 0.5501316789181655
515 0.5511239013160666
516 0.5505134823901625
517 0.5506178638991309
518 0.5509580040662266
519 0.5506786861354847
520 0.5502622453725708
521 0.5513840962954759
522 0.5511523034167325
523 0.5521228781408393
524 0.5507284721434467
525 0.5506747295079054
526 0.550873358147329
527 0.5503924228808034
528 0.5496268857385663
529 0.550335928574466
530 0.5498831555378855
531 0.550194861413231
532 0.5494352267404503
533 0.549237715645939
534 0.5497999547904591
535 0.5502857598823815
536 0.5499658916791451
537 0.5500501108860294
538 0.5502524864895976
539 0.5499237140798879
540 0.5502949515413856
541 0.5504137423378423
542 0.5500655552506385
543 0.5499482502228769
544 0.5505141055158166
545 0.5488721326845696
546 0.550173920912518
547 0.5501887560430548
548 0.5496408167809376
549 0.5495626681130115
550 0.5496384732355455
551 0.5489414844764037
552 0.5495514100942911
553 0.5486768418180662
554 0.5504333434536085
555 0.5511121216107999
556 0.5508584187769844
557 0.5512845734912645
558 0.5509709395432997
559 0.5502441450906843
560 0.5506756770445136
561 0.5503163076216043
562 0.5506543760268329
563 0.5514501023575356
564 0.5494793241211651
565 0.5492157960951201
566 0.5493098445290369
567 0.5508080622983261
568 0.551770156277888
569 0.5510966116779356
570 0.5493452462925125
571 0.5508629216593701
572 0.5511213491560478
573 0.5511914391887968
574 0.5512560873146013
575 0.5515921550387011
576 0.5514203872128003
577 0.5510005018762492
578 0.5502959649004003
579 0.5495941063969122
580 0.5494999047917344
581 0.5483413426187652
582 0.5478862963856322
583 0.5477675659925166
584 0.5489695753663765
585 0.5495962112472348
586 0.550688519524216
587 0.5501284053126525
588 0.5487875470276233
589 0.547913984506624
590 0.5481296744461982
591 0.5486084004653599
592 0.5484315599117174
593 0.5481818398656507
594 0.5488856812497381
595 0.5494666437191232
596 0.5502071205201079
597 0.5500470449053128
598 0.5507589545843696
599 0.5511174850669421
600 0.5498841592576325
601 0.5480789682282454
602 0.5484038589454711
603 0.5501167453722868
604 0.5492013034231858
605 0.550295669867832
606 0.5493238024721977
607 0.5497990306263872
608 0.5504030026771174
609 0.5493737513350465
610 0.5495145081053473
611 0.5500149365717716
612 0.5484878269427874
613 0.5482993118221422
614 0.5489710341513422
615 0.5490281268198473
616 0.5493159600936675
617 0.5488032720539977
618 0.550172602521125
619 0.5490938071045702
620 0.5481356522932067
621 0.5484243752238719
622 0.5474462392138182
623 0.5482611788074994
624 0.5471747022093162
625 0.5474790908220899
626 0.548867982220897
627 0.5491186850799862
628 0.5498420113974888
629 0.5485517156791403
630 0.5487156481790197
631 0.5474331438288521
632 0.5490422459889336
633 0.5507211744822138
634 0.5491085518971682
635 0.5487450856352685
636 0.5483000811472823
637 0.5484234091145433
638 0.5481860014896143
639 0.5481621927229489
640 0.548795088966406
641 0.549018355258301
642 0.5477567847138869
643 0.5486396922993186
644 0.5497685853883214
645 0.5495391050375522
646 0.5488700961925015
647 0.5499233112855372
648 0.5498849157064701
649 0.5481233492631913
650 0.548877572154843
651 0.5494847506828269
652 0.5493369974939024
653 0.5490312248659787
654 0.5487341152320611
655 0.5506673412673271
656 0.5507313293575049
657 0.5503919197935658
658 0.5499132938356209
659 0.5487526732113536
660 0.5487507073770296
661 0.5476649229268823
662 0.5467875028686037
663 0.5467641962109356
664 0.5471692640478228
665 0.547338804416481
666 0.5452767953384493
667 0.5452692717564276
668 0.5455056572541009
669 0.54614897160503
670 0.5471632210635974
671 0.5459100162668373
672 0.5478103057747222
673 0.5475700189103387
674 0.5486760373705025
675 0.5491852195419394
676 0.549852586580051
677 0.5489598576880325
678 0.5484015225824604
679 0.5476325183243349
680 0.5494917589284772
681 0.5479229065196367
682 0.5490347420230566
683 0.5486795237010103
684 0.5470388440547017
685 0.5472367550235866
686 0.5467643124356745
687 0.5466560075047816
688 0.547829709960355
689 0.5489049470746774
690 0.5488145631390057
691 0.5487065206224162
692 0.548580475638012
693 0.5482570319436632
694 0.5479214195581025
695 0.5489493514537744
696 0.5498822952343723
697 0.5486936770389227
698 0.5487630016205406
699 0.5470826408137565
700 0.5486252510472207
701 0.5491826865269157
702 0.548993134467325
703 0.5486168427257255
704 0.5501408443336049
705 0.5485675330904383
706 0.5495699296985833
707 0.5502156016463952
708 0.5494926093275213
709 0.5483356122093267
710 0.5488451020350065
711 0.5488078054061661
712 0.549358653446187
713 0.5489141270781225
714 0.5493644563055805
715 0.5492977101805264
716 0.5501052890387031
717 0.5488330533522224
718 0.5493643263748744
719 0.5478659794126063
720 0.5480528042275067
721 0.5475876619129523
722 0.5475989638507247
723 0.5473783167940857
724 0.5479461945805871
725 0.5464855977388069
726 0.5474486319608246
727 0.547951449700939
728 0.5485537862854317
729 0.5490094014425172
730 0.5505397731848863
731 0.5510350185889751
732 0.549967404922724
733 0.5490056209022569
734 0.5494282937848614
735 0.5496334755669053
736 0.5499763606571276
737 0.5500989032873761
738 0.5501457363409544
739 0.5497230244466474
740 0.5495995815484459
741 0.5490141990787935
742 0.5497575259294392
743 0.550191100752146
744 0.5496212841529248
745 0.5484258917116724
746 0.5485870438319106
747 0.548378920266135
748 0.5489853324205283
749 0.5508431698805213
750 0.5495932773429247
751 0.5487938795140505
752 0.5496356441653684
753 0.5500131919537573
754 0.5507320747305868
755 0.5502127037996122
756 0.548635742085397
757 0.5489131772821821
758 0.5494033925702638
759 0.5480933014349757
760 0.5481854143368676
761 0.547708772037567
762 0.5482918914087909
763 0.5479998651852642
764 0.5483124637011185
765 0.5462634420178142
766 0.5478634148321438
767 0.5482440975381055
768 0.5476603513292392
769 0.548753663785061
770 0.5478811009190977
771 0.5482682212617883
772 0.5481740673463046
773 0.5480453946533241
774 0.5476155121766473
775 0.5476940008887231
776 0.5482515295978481
777 0.5487069211531963
778 0.548437847350319
779 0.5501536202533156
780 0.5493331559078747
781 0.5490068391824391
782 0.549040960489838
783 0.5500160934864418
784 0.5495566667883931
785 0.5493856575589443
786 0.5487271178835834
787 0.5498838693760405
788 0.5488944270705263
789 0.5497340231904965
790 0.5473342860240176
791 0.5475793433840316
792 0.5482688292184361
793 0.5474274713641484
794 0.54796944561891
795 0.5480549464521
796 0.5493245658383732
797 0.5495418807139102
798 0.5496098234062686
799 0.549110231176705
800 0.5491697309532027
