#1:cfg  2:plaquette
1 0.6537754260615941
2 0.6146765569566008
3 0.59193302408915
4 0.5801527609163758
5 0.5707412194343723
6 0.5647801828265715
7 0.5602954473587026
8 0.5564706689168785
9 0.5519830620922391
10 0.550336085079478
11 0.5508606746797314
12 0.546876344164951
13 0.5438363857101202
14 0.5417138898961934
15 0.5420927099270644
16 0.5425327442866459
17 0.5392472382181761
18 0.5398255346254321
19 0.5379634568553257
20 0.5356753422254201
21 0.5378569925053276
22 0.5364692669039509
23 0.5337818977614036
24 0.5302067849200613
25 0.531376185746316
26 0.5317396579787997
27 0.5278311299415229
28 0.5267547045741295
29 0.5292267976361181
30 0.5288485824445396
31 0.5282128799151506
32 0.5264773926729768
33 0.5251919829138348
34 0.5238976260525486
35 0.5188854000093732
36 0.5178951870910813
37 0.5150425225960337
38 0.5154120251954329
39 0.5179469367605911
40 0.5156347150116077
41 0.5155474993885439
42 0.5147735492561161
43 0.5138363615978093
44 0.5158065965590474
45 0.5146294165257451
46 0.5144567321846646
47 0.5163770132196689
48 0.5155752566083025
49 0.5177323513255774
50 0.515870177826946
51 0.512509262522035
52 0.512160012893467
53 0.5141991556049333
54 0.5110393921558704
55 0.5090082534143651
56 0.5117019783533497
57 0.5126000045001907
58 0.5080384079189783
59 0.5111495140858816
60 0.5086721404837975
61 0.5072464736131284
62 0.5083462009645431
63 0.5058887132756195
64 0.5071247894520946
65 0.507178984174007
66 0.5065451114744184
67 0.5088149756299108
68 0.5042914808269557
69 0.5032019505631922
70 0.503590145855333
71 0.5051029256638563
72 0.5048692357394582
73 0.5031351330809419
74 0.5056387468687028
75 0.5069958958242532
76 0.5064100749720782
77 0.504541433418278
78 0.5049750974689932
79 0.5078770114255027
80 0.5057230864239022
81 0.5051720913243894
82 0.505027929913093
83 0.5032093690328318
84 0.5011881506508417
85 0.5032186950113632
86 0.503227023168697
87 0.502759945762618
88 0.5044314370347799
89 0.5052611566508188
90 0.5046722587060731
91 0.5059701153599346
92 0.5054389337759753
93 0.5053526975234488
94 0.5023584413076592
95 0.4998025073191936
96 0.5030442878417443
97 0.5040485981323654
98 0.5012395533804611
99 0.5032645354739053
100 0.5030074597266564
101 0.5016970852612885
102 0.49793184166152443
103 0.4995467966037103
104 0.5055446924256656
105 0.5025961086811125
106 0.5017788256684924
107 0.5024051624960989
108 0.4997527614304129
109 0.5024163902090545
110 0.5018369545542043
111 0.5029653697520428
112 0.49915705819752526
113 0.49951099232899426
114 0.4964434451993187
115 0.49755351944723053
116 0.49939677315051806
117 0.49741578206765563
118 0.4980898352224547
119 0.4952368935303999
120 0.49439538981344905
121 0.4943745716465686
122 0.4945351277883389
123 0.48965554627672275
124 0.4928421360865232
125 0.49075300109882886
126 0.48937977120757226
127 0.48913498895887453
128 0.49083355674893697
129 0.4924066360002894
130 0.49457566694866445
131 0.49325770183350853
132 0.49779098904482644
133 0.4960342445326258
134 0.4969745142285023
135 0.49866916068789374
136 0.49864089151985264
137 0.5027273189824756
138 0.5004044855022661
139 0.4983752089249865
140 0.49708602831474286
141 0.4949684759750053
142 0.49170648422621804
143 0.4923400532890858
144 0.49474306242855
145 0.49545187831569115
146 0.49349603772788014
147 0.4957281781454181
148 0.49758803214462755
149 0.49721390959870226
150 0.4975911996741422
151 0.49555572411061416
152 0.49830662331379866
153 0.4964880597371573
154 0.49537916808854515
155 0.491539144889849
156 0.4913986588751212
157 0.4933447727482829
158 0.49369784396605504
159 0.4945969683139635
160 0.4944227950725735
161 0.4946320413356293
162 0.49447622819889947
163 0.49410089612541364
164 0.49359942679928587
165 0.4922759278762842
166 0.48968630941413177
167 0.4929539408928036
168 0.4915970954665752
169 0.4908738242081881
170 0.4945014202529363
171 0.4947401928649197
172 0.4955224804426091
173 0.4950408929009955
174 0.4953605176081941
175 0.4947642719404326
176 0.4946665156734904
177 0.49310382674315206
178 0.4919707660599766
179 0.49467983423051454
180 0.49449039939397194
181 0.4922420766732367
182 0.49664832280070353
183 0.49571084827456285
184 0.4921235181402968
185 0.49002532811410293
186 0.4928983970923935
187 0.49352291328122
188 0.49397775560901924
189 0.49566617809453367
190 0.49394718439557356
191 0.4920348765573847
192 0.494551076901565
193 0.4906559817453973
194 0.4909582950151516
195 0.49125604126928857
196 0.49261049254371575
197 0.4960389950221838
198 0.4940326296288579
199 0.49338690766462984
200 0.4952300304745228
201 0.49446764059803566
202 0.49616355580920285
203 0.49404365393876426
204 0.49154866541494946
205 0.4930776724619102
206 0.4948566899079976
207 0.4959940836140672
208 0.49491779559713867
209 0.4971878775066105
210 0.495678704953525
211 0.4910421737447912
212 0.49131884086400307
213 0.48970833731522817
214 0.4947245963738027
215 0.4915010353922742
216 0.4927962911104716
217 0.49594774104120226
218 0.49321086401581454
219 0.4939279827802803
220 0.4914345923487324
221 0.49077212739847137
222 0.4894127558574887
223 0.491370756302006
224 0.49415835476114395
225 0.49440692434015204
226 0.4963080660187655
227 0.49542995148001184
228 0.49592604487424313
229 0.49694241039251685
230 0.49484245512263575
231 0.4940848929114153
232 0.49657666689326607
233 0.49463404387676985
234 0.49650895416217783
235 0.49573829548182885
236 0.4926060393564417
237 0.4943473160562793
238 0.49240288994511544
239 0.49366164925465017
240 0.4944555224178387
241 0.49353175119904474
242 0.4959589473533062
243 0.49337549115496504
244 0.4914364116063445
245 0.49527511301025773
246 0.4976842341228714
247 0.4961578135998958
248 0.49504708105512757
249 0.49822423914689556
250 0.4978258494232373
251 0.49789604918261704
252 0.4953086626178118
253 0.4971553709551744
254 0.4994662504278702
255 0.5006410543916054
256 0.5017992413608253
257 0.5024410588658699
258 0.4980064475085196
259 0.4980041132616062
260 0.49966068477278136
261 0.49894703366714127
262 0.49840736520956325
263 0.49760878247710555
264 0.4977981710528629
265 0.5001289218595871
266 0.49542916772930884
267 0.49830071828089034
268 0.49657893233444317
269 0.49552480223798917
270 0.49606520961539613
271 0.4956082174357255
272 0.4981089590738413
273 0.4963846076859231
274 0.49671952985934215
275 0.4930383457679323
276 0.4941736046736563
277 0.497015209759194
278 0.4926313776989464
279 0.4903525129844972
280 0.49146566132537345
281 0.49643711940296087
282 0.4960189409721752
283 0.4968024787988195
284 0.4986015869817688
285 0.49587033120800744
286 0.4952975035712827
287 0.4963514138855501
288 0.49352238708164337
289 0.49269291649828634
290 0.4925626517975758
291 0.49102761271778067
292 0.49271567219799234
293 0.4919245208652003
294 0.49428550431002055
295 0.49244455270085186
296 0.49303768269087445
297 0.4935045812687863
298 0.4932399854723721
299 0.49240508018956497
300 0.4907047187044334
301 0.49286252212687565
302 0.4964211071218166
303 0.49514278042251597
304 0.4930827732546883
305 0.49513114694805666
306 0.49333265790765624
307 0.49621985568805965
308 0.4927224961674255
309 0.493435668437268
310 0.49287260332927424
311 0.49334730947631505
312 0.49334450836375904
313 0.4923519502867626
314 0.49432787703769576
315 0.49540066149118694
316 0.4947407322888804
317 0.4957185346554516
318 0.4943070947953713
319 0.49231327991877527
320 0.4944796436516785
321 0.4963774482348123
322 0.4948096792096522
323 0.4972148850398603
324 0.5004038565439245
325 0.4984342321406423
326 0.5016377071724756
327 0.49959923034392834
328 0.4992160186257841
329 0.4966690529204176
330 0.49498963515759353
331 0.49438168546717165
332 0.49622622830964125
333 0.4937203811119044
334 0.4976324429574597
335 0.49675567334543547
336 0.4978035474896699
337 0.4960916638768345
338 0.4978789855884967
339 0.4956645342541159
340 0.495542557906442
341 0.49675611535797315
342 0.4959223419240439
343 0.49520783669095536
344 0.4958102811903291
345 0.4933725120545814
346 0.4950813832528995
347 0.49371568355238266
348 0.4932965781903109
349 0.4975650134594141
350 0.4942080252349002
351 0.4939249764262235
352 0.49346817019419115
353 0.49390575122151503
354 0.4956752469062919
355 0.49541232930569223
356 0.49436154285171924
357 0.4960059602180218
358 0.493546829020341
359 0.4919541589140228
360 0.4945874767350252
361 0.49650960179806664
362 0.4958311568910068
363 0.4902543288372107
364 0.4916180764821378
365 0.49359140919465366
366 0.4936333262364245
367 0.4942700861934448
368 0.49791325201164466
369 0.4944642455476129
370 0.4964425021389212
371 0.493452812535562
372 0.49608651121768027
373 0.4949155924682947
374 0.49327696537856247
375 0.49275755788444014
376 0.4929245563364801
377 0.4944568094360487
378 0.49515700619485997
379 0.4947929020929056
380 0.4945586103974741
381 0.4962726766259578
382 0.497730922289294
383 0.49752868313690174
384 0.4959665002777041
385 0.49638264211868827
386 0.49446221303151905
387 0.4957065029543936
388 0.49514762023627906
389 0.495745150717586
390 0.4972642330745567
391 0.4977798966285964
392 0.4976330250406689
393 0.49519534288935135
394 0.4959391510902566
395 0.49583250280652497
396 0.4947082845755227
397 0.49753533838278724
398 0.4984843969252721
399 0.4951215290506923
400 0.49451817716718033
401 0.494654699357235
402 0.49617846048672143
403 0.49732127712805824
404 0.4975678154540135
405 0.49601578050799117
406 0.49486788732489956
407 0.5006887643196073
408 0.4985502794176808
409 0.4999378351528254
410 0.496112248637836
411 0.4957942041304879
412 0.4974055516823012
413 0.4966841182166783
414 0.49760634657361086
415 0.4975999418491522
416 0.4976635520593649
417 0.4977178814669694
418 0.49801818148836063
419 0.4979428311236616
420 0.4975964485908948
421 0.4975766492318707
422 0.49724811560079135
423 0.49449508308895346
424 0.4961484268712529
425 0.4960965184485235
426 0.4968286182148853
427 0.4950647167353155
428 0.4951156425687317
429 0.4995834138025342
430 0.499253929890401
431 0.49782863767674884
432 0.49616644562281537
433 0.4980864544260753
434 0.499227823054069
435 0.49824349838368853
436 0.4998209595886402
437 0.49792807631191316
438 0.4959126126336573
439 0.4943539568699214
440 0.4935687627043646
441 0.4934833792806001
442 0.49625598938995047
443 0.4968851163501678
444 0.4977597043009488
445 0.4942136111095085
446 0.491933920891142
447 0.49373906638599324
448 0.4966722770839238
449 0.4967676046482295
450 0.49771955052893263
451 0.4977413221213629
452 0.4974352491778719
453 0.5001592691544762
454 0.5004463158926743
455 0.49798536345800115
456 0.5004494811566248
457 0.49936109148739466
458 0.49743576500788317
459 0.49653158410355736
460 0.49289430457997224
461 0.4940509500140229
462 0.4957676705782091
463 0.49786493104237434
464 0.4969926757869789
465 0.49968918468459605
466 0.49742089696689207
467 0.497510825054271
468 0.49585780762592013
469 0.4981568739993079
470 0.49626244685235926
471 0.49923936796309065
472 0.5005769416197944
473 0.5005031517490899
474 0.501004969448633
475 0.4992614696687847
476 0.49916516231538677
477 0.49800560018263185
478 0.49954104764725865
479 0.49703940825877996
480 0.49729938298072024
481 0.4965591755794685
482 0.4970057218039854
483 0.4946463615781744
484 0.4961227419210914
485 0.4931621758988309
486 0.4970779386355133
487 0.4982194214561533
488 0.4999568049515461
489 0.49881214097056215
490 0.5011918246539379
491 0.5000760154277027
492 0.4996293023222221
493 0.4944831953528012
494 0.49449792635812967
495 0.4938951159320324
496 0.4953147663083403
497 0.49498628210199835
498 0.49512689601855153
499 0.49634969359515035
500 0.4921037677247589
501 0.4921700688822979
502 0.4951330607270294
503 0.49488230597789556
504 0.4968907780534868
505 0.49339132465170277
506 0.49198267660468203
507 0.49165753698577314
508 0.4947966608774148
509 0.4939614161407327
510 0.4937296273176249
511 0.49582567152635865
512 0.4956875166966693
513 0.4956654475488327
514 0.49527921879048864
515 0.4935224248229882
516 0.4952411250290079
517 0.4941796846675853
518 0.49491384055400905
519 0.4961987251284717
520 0.4929861813419032
521 0.49534755235852274
522 0.4970980669103607
523 0.49652084244939004
524 0.4976442843452768
525 0.4998055424533918
526 0.4977291228375238
527 0.4985592316596315
528 0.4997270777168141
529 0.49936614172480015
530 0.4986199614643528
531 0.5016093917361065
532 0.5024043546286847
533 0.4999707403652816
534 0.5003867851403927
535 0.5017556706950098
536 0.5039324813288414
537 0.5042992389908861
538 0.5036771376705454
539 0.5026378574484954
540 0.5027403992701214
541 0.5043410239157712
542 0.5027217225451839
543 0.5068876123443294
544 0.5078007778482453
545 0.5050844800329187
546 0.5037164595010791
547 0.5014521866873805
548 0.5054837522183686
549 0.4997521703468333
550 0.49974998157993755
551 0.5009703798477007
552 0.5012442779850215
553 0.5016358422531919
554 0.5027453938936487
555 0.5016368592557866
556 0.5029678225915211
557 0.5024578316365976
558 0.5002065059907613
559 0.5031163163456714
560 0.4995712599414614
561 0.5036672262180463
562 0.5029156221631647
563 0.5026838056573082
564 0.5027059699137769
565 0.500322313013679
566 0.500703058883843
567 0.5010486542626854
568 0.4994302397598774
569 0.49855591241815067
570 0.5010857013697656
571 0.5025821396138681
572 0.5014736068816477
573 0.5002140893210093
574 0.5001954264158449
575 0.4984164881611776
576 0.5001372225111907
577 0.4976456391044047
578 0.498607363360992
579 0.4943524672700794
580 0.49434439182280304
581 0.4928121493717343
582 0.4929879731332804
583 0.49460240265120464
584 0.49460383070165787
585 0.49615040290164303
586 0.49472372569142425
587 0.4936334390721411
588 0.4938230198182125
589 0.49511934675526015
590 0.4945413229519006
591 0.4956665168629289
592 0.49804444490744576
593 0.4999470250931617
594 0.4963460285698018
595 0.4962566427028181
596 0.49819972712497473
597 0.49688944429423443
598 0.496815714060254
599 0.49576999285750795
600 0.49768714747398035
601 0.492697881150973
602 0.4932424383771643
603 0.49434756176576783
604 0.49415118185012513
605 0.49377975291047727
606 0.49626378137669325
607 0.4982000286131277
608 0.49816718841321794
609 0.49509833866830166
610 0.49648273025027656
611 0.49681089035198767
612 0.4993519544752297
613 0.500217626709278
614 0.49640474501159865
615 0.49896473384155465
616 0.4960014134696446
617 0.4945636355007046
618 0.4937813305538578
619 0.49472030288084934
620 0.4963697360722694
621 0.4979645597974894
622 0.49716996220509796
623 0.49451927142100516
624 0.49456879206054977
625 0.4959983602449625
626 0.49392408262621373
627 0.4996520716044786
628 0.49899147562183965
629 0.4960115394538711
630 0.49259273878462095
631 0.4987930420610194
632 0.5004946658566982
633 0.49867737374278703
634 0.4967726160397697
635 0.4953280846506631
636 0.49561217911569444
637 0.49449476250718377
638 0.4962349494354999
639 0.4970341525892428
640 0.497558502615051
641 0.4953407971947399
642 0.49583834259954135
643 0.49948539977749423
644 0.5004436454274875
645 0.4997652569200064
646 0.4994963386613633
647 0.49866937710914844
648 0.5023834837788991
649 0.4996690571455091
650 0.4998874177097918
651 0.5038054429074992
652 0.49916305337142314
653 0.5024732270483018
654 0.4981108887356284
655 0.4972586981588265
656 0.49766453838607316
657 0.49849214575741957
658 0.4989865860364055
659 0.49829743953024325
660 0.4959638555429105
661 0.4958613582030189
662 0.4950871669040558
663 0.4942722945013873
664 0.49418929086233016
665 0.4934585582388629
666 0.4938696082435692
667 0.4916090528824069
668 0.49130264003844953
669 0.4943425723163865
670 0.49699538647734526
671 0.4983495290185089
672 0.49895591088799013
673 0.49599849167836924
674 0.5009515543473517
675 0.5011532830522055
676 0.5053039072833742
677 0.5040020745814066
678 0.5011173979219012
679 0.5015332533498348
680 0.5033349080883033
681 0.5041913130326448
682 0.5016490924661842
683 0.5020528742943807
684 0.5050150167303503
685 0.5049280870642893
686 0.503374624943068
687 0.5016243237127166
688 0.502595820866901
689 0.5014663543206562
690 0.49916803011988503
691 0.5036065005618419
692 0.50338592198186
693 0.500926009157645
694 0.5051715978878566
695 0.5036946903312366
696 0.5020050765371513
697 0.5013331076714047
698 0.5006981843389354
699 0.4998396914601724
700 0.4997084861054613
701 0.4997008427632714
702 0.49970812444000884
703 0.5000056405549255
704 0.49779547209018893
705 0.4966333140830239
706 0.4975237423126843
707 0.5004690764482352
708 0.4987150102415659
709 0.49793932937162566
710 0.5009393556824665
711 0.4985529288108114
712 0.4954135392056334
713 0.4958608261097827
714 0.49782236883829406
715 0.4968234901966866
716 0.49895997159202293
717 0.4961023431004336
718 0.4959711361783716
719 0.496202877326495
720 0.4983910394212651
721 0.4978158231935523
722 0.49828278349108385
723 0.4973716881936596
724 0.5017887722636987
725 0.49893685195714377
726 0.4962382424534479
727 0.49919793195235146
728 0.49981188523918774
729 0.4996862117288379
730 0.5004157411049966
731 0.5020716051853308
732 0.5016157256147543
733 0.5024710842189618
734 0.5050607275572726
735 0.5020016212578626
736 0.4992357570068424
737 0.5001826222974735
738 0.501623880785856
739 0.5008817189243867
740 0.4992771514383106
741 0.49743493325520033
742 0.49718315966984367
743 0.5013088833127012
744 0.4995421913672589
745 0.5027591622000643
746 0.49730974017681695
747 0.4999139737696954
748 0.501003896746097
749 0.5031077966288965
750 0.5041033857409966
751 0.501354118731148
752 0.5012782140164385
753 0.5014993154542573
754 0.5014297507772831
755 0.5015108733961308
756 0.5005113291822981
757 0.5003442463186875
758 0.5024507546794742
759 0.5037290221816312
760 0.5020418034764046
761 0.5041662447531248
762 0.4998674886088082
763 0.49866314284189533
764 0.4984221529662744
765 0.5006639449153669
766 0.5004504085105358
767 0.5017396856467844
768 0.49885145601940234
769 0.4999965791906382
770 0.5018969740554698
771 0.5024350521904125
772 0.5009190649798716
773 0.49898818210129076
774 0.4978524680581818
775 0.4985202317108502
776 0.5017308798924228
777 0.5013141061160032
778 0.5028892172631563
779 0.5029703932636347
780 0.4998708049725964
781 0.5001522509502555
782 0.500925345278778
783 0.4974380925785511
784 0.4970113426894551
785 0.4963191816690345
786 0.4958697745826394
787 0.49466999927718036
788 0.49722744578090255
789 0.4971316137863258
790 0.49188694863614874
791 0.49316414259598873
792 0.4940416749456027
793 0.4927200594384094
794 0.49314033128635276
795 0.49258879505943004
796 0.4934808255665779
797 0.4937779323654023
798 0.4919290822275952
799 0.49379609395594554
800 0.49180314321027524
801 0.4903863883692567
802 0.4896412193609588
803 0.49149668266004437
804 0.49184182360774736
805 0.4916702635333554
806 0.4940508407586741
807 0.49232590556431965
808 0.490280944969336
809 0.49319191781905486
810 0.4906696278738034
811 0.49160188389543996
812 0.49051496070025363
813 0.49176282334451754
814 0.49127430427535584
815 0.4926071670152729
816 0.49269314937200465
817 0.4931447266689582
818 0.49611450521873146
819 0.49682326697467555
820 0.4962842627164595
821 0.49496987373858725
822 0.494598221445953
823 0.49367554302947614
824 0.49592171622602915
825 0.4940038819494364
826 0.4926529997468225
827 0.49560489064426166
828 0.4931091484210776
829 0.4943173642686252
830 0.4939793228630363
831 0.4931148400636054
832 0.4960154837606969
833 0.49216117177112123
834 0.49232603743104936
835 0.49605989802458833
836 0.4971788051784682
837 0.49214193958572455
838 0.4954299825833166
839 0.49649829653263605
840 0.49512478075170646
841 0.4923665029154331
842 0.4984340069111792
843 0.49556040671190815
844 0.4953936432251869
845 0.4948938131949326
846 0.4942587160903265
847 0.4926153119857932
848 0.49551213846954273
849 0.4939144982873845
850 0.49443133943714607
851 0.4935790981563732
852 0.4952476988800114
853 0.4958021803044485
854 0.49821441023462554
855 0.495175116366813
856 0.49783323654369654
857 0.49845583192124227
858 0.4975755407223244
859 0.4965752197735624
860 0.49564881352638035
861 0.49924377527590225
862 0.4970244154505685
863 0.49490395592036784
864 0.49752098147388973
865 0.4965736569490545
866 0.5001425426925958
867 0.4980613314441715
868 0.4967003923004609
869 0.4934042747442131
870 0.4939288206182409
871 0.49691676987872135
872 0.4952381398510794
873 0.4983471740112085
874 0.49734096358679064
875 0.49663875971971944
876 0.49364515236101786
877 0.49885785895071694
878 0.4943491034997036
879 0.49498051689996436
880 0.49273605656460967
881 0.4945472632238628
882 0.4970129928708429
883 0.49272486742325916
884 0.4917674361489088
885 0.49531104900577105
886 0.49229801286135516
887 0.4923636007848244
888 0.491908297988413
889 0.4905514431592503
890 0.4935833082871582
891 0.49247233887085606
892 0.4930437955500984
893 0.49329856955437873
894 0.4936575066313044
895 0.4952366820010665
896 0.4979867624622382
897 0.4934203921464233
898 0.49807825474397877
899 0.49665097367508526
900 0.4955982749324435
901 0.4952308411124941
902 0.49546558652357553
903 0.4973915986033703
904 0.49723369017205665
905 0.4978720861544777
906 0.4973592358718201
907 0.4944701326108088
908 0.49724330169071035
909 0.49621130795937424
910 0.49462069457041075
911 0.49360107250487584
912 0.496471662558888
913 0.4944199875015097
914 0.4947599533118518
915 0.4957515265736619
916 0.49555187855889365
917 0.4950016597604507
918 0.4936780294691048
919 0.4954204932340473
920 0.49419164927572373
921 0.49496234652333154
922 0.49637381712505285
923 0.49559599632699936
924 0.49595021559539937
925 0.49779375430091655
926 0.4981505006035878
927 0.4967742215251884
928 0.49694567564521086
929 0.4944667804826157
930 0.49641993992145594
931 0.49605755226539805
932 0.49830779628748495
933 0.496335708816041
934 0.4968837476619185
935 0.4956297606475471
936 0.49616640119249394
937 0.4942008370097581
938 0.49383356115927124
939 0.4935166977898915
940 0.49769024310312565
941 0.4967866941768888
942 0.4955390920933657
943 0.4971805105505686
944 0.4969313708665242
945 0.49488481900281517
946 0.49586743305818887
947 0.49638173685047193
948 0.4958281976360253
949 0.4953388721534928
950 0.49265115665410225
951 0.4945738958894681
952 0.4961233166154621
953 0.49358869958097035
954 0.4939989578292326
955 0.49814252869648334
956 0.4962409594324655
957 0.4965840705374926
958 0.49506881719441664
959 0.4961238595922914
960 0.4937228655116614
961 0.49341674051122886
962 0.4928696391821443
963 0.4908381321015259
964 0.4907992323738437
965 0.48942615862406763
966 0.49168742358822587
967 0.4929390202726622
968 0.49292660404241234
969 0.4935671149777103
970 0.49436364809702243
971 0.49612740955241397
972 0.49364730952007796
973 0.49238797739143636
974 0.49499471476929585
975 0.4937459191881998
976 0.49080104850583656
977 0.4926014333740276
978 0.49230366401766656
979 0.49385307200453893
980 0.49854077063798347
981 0.4995300188039164
982 0.4986577209148646
983 0.4988584292202812
984 0.49785880760624934
985 0.5007628933427922
986 0.5014592441765199
987 0.5014442955082855
988 0.49819837749316537
989 0.4927279267679605
990 0.4937939137871694
991 0.4953193290623586
992 0.4979335149834733
993 0.4967692253755149
994 0.49786784825430525
995 0.49819617240734676
996 0.4989787359633305
997 0.494871001176798
998 0.4934520193376007
999 0.493203495315089
1000 0.49588467740882486
1001 0.49406539233259567
1002 0.49451136491453457
1003 0.4962132421011424
1004 0.49514743127039557
1005 0.4946611108222512
1006 0.4945613640224449
1007 0.49665856857082774
1008 0.4966023128772256
1009 0.4962712838235643
1010 0.4959236335473359
1011 0.49583757772519105
1012 0.4959367105799251
1013 0.495333525750182
1014 0.49431546499346674
1015 0.4928791752727533
1016 0.4955986483790698
1017 0.4970034431886861
1018 0.49777886645217895
1019 0.4959601552701083
1020 0.4947748905474026
1021 0.49618169865783357
1022 0.49582938603855475
1023 0.49569131601089933
1024 0.49548278725319334
1025 0.4981716980956315
1026 0.49746176839958856
1027 0.501059464254519
1028 0.4998668940065168
1029 0.5009133233525596
1030 0.5009021110749581
1031 0.5001885491001129
1032 0.5016688547344801
1033 0.49937542701297105
1034 0.49822892656363105
1035 0.49956964305535795
1036 0.4984021184832063
1037 0.4965863775696653
1038 0.4997657609767661
1039 0.49899402183606334
1040 0.5016067612409089
1041 0.5039730419887597
1042 0.4990771850460953
1043 0.4998640275730286
1044 0.5001535910601488
1045 0.5019118181851187
1046 0.49723065785616405
1047 0.4982122819855481
1048 0.4999636177017513
1049 0.49507621514487216
1050 0.4970721822051589
1051 0.49559590854483115
1052 0.49337525334406407
1053 0.49597006866000143
1054 0.49614676886126724
1055 0.49642930597457996
1056 0.4974587979489012
1057 0.4954663267915181
1058 0.4963054240307976
1059 0.49411043219387807
1060 0.49581107993864
1061 0.4956320921099279
1062 0.4934596554271909
1063 0.49381449270846506
1064 0.4945538268881556
1065 0.49321332385195366
1066 0.49431552799677925
1067 0.496230080096965
1068 0.4944074053782712
1069 0.49609676689315196
1070 0.4930102880538571
1071 0.49484438635824596
1072 0.4954870388094574
1073 0.49386062552986676
1074 0.49644602237926905
1075 0.4925636930233084
1076 0.49650990522646593
1077 0.49542931992396294
1078 0.4950340371798738
1079 0.49795035286255546
1080 0.4960162571473674
1081 0.4948427818073935
1082 0.4939934174579767
1083 0.4935180758737336
1084 0.49201175923178914
1085 0.49385445223437213
1086 0.4931961292918477
1087 0.48903224834059206
1088 0.48751750677700745
1089 0.4879556083388111
1090 0.4874630534312749
1091 0.4873684551266846
1092 0.4880554370575165
1093 0.4890846292416913
1094 0.4890423991766344
1095 0.4890486293357948
1096 0.4904382464052373
1097 0.4891136362592064
1098 0.4873209870512935
1099 0.4875857287573979
1100 0.4912000634392916
1101 0.4879372574602332
1102 0.4902193123109872
1103 0.4929194734799082
1104 0.4918687066748944
1105 0.49151514305541427
1106 0.4887482209598497
1107 0.4880081960916171
1108 0.4870480688835928
1109 0.4873111919584139
1110 0.4924782849307725
1111 0.4915536223143151
1112 0.49516362979512035
1113 0.495023629482507
1114 0.49413932951451023
1115 0.4932883497501018
1116 0.4940547003599356
1117 0.4910667059595561
1118 0.4924043549025827
1119 0.49303137212556636
1120 0.49076628414083046
1121 0.4918694632887824
1122 0.49413181348741403
1123 0.4958157913410722
1124 0.4944394954804186
1125 0.4923392096501272
1126 0.4929431120006888
1127 0.493212180269424
1128 0.49255417357482517
1129 0.4910165328057048
1130 0.4946904837089863
1131 0.49010956296907593
1132 0.4912097447375021
1133 0.49475283293370104
1134 0.495612613674387
1135 0.49729294545312636
1136 0.49962923360124817
1137 0.4962242326361462
1138 0.4943206070849391
1139 0.49536501986284986
1140 0.4931149880072376
1141 0.4933208003958296
1142 0.4921020916621022
1143 0.49299880496745013
1144 0.4923667604076088
1145 0.49309757601138055
1146 0.49255773675195846
1147 0.49351961526787275
1148 0.49412265906290737
1149 0.4937630713763979
1150 0.4921203058405048
1151 0.4942204102351981
1152 0.4942945017781248
1153 0.49521048121576866
1154 0.49394363701427996
1155 0.49378891207280934
1156 0.4960626737240075
1157 0.49570569985388696
1158 0.4940611929929872
1159 0.49394516289040974
1160 0.49381975681230017
1161 0.49094392517083524
1162 0.49250740094930223
1163 0.4968879677841027
1164 0.49647020345951304
1165 0.49401029466349655
1166 0.4974972489921435
1167 0.49789546034940835
1168 0.49985737427645477
1169 0.4971581979112128
1170 0.49603572285356656
1171 0.4984721293300615
1172 0.4977210650892614
1173 0.4994722325586735
1174 0.4989425395198989
1175 0.4985256270385243
1176 0.49664146095345907
1177 0.49753676910550665
1178 0.4931210939048883
1179 0.49209430651769054
1180 0.49268062240781557
1181 0.490370723522318
1182 0.49571720180342876
1183 0.4943431216137662
1184 0.499081415450366
1185 0.499322164553957
1186 0.5001171878131425
1187 0.49510326212009187
1188 0.4979566976776564
1189 0.4968015524193486
1190 0.4960587285164349
1191 0.49684394409363186
1192 0.4995938191424252
1193 0.4971653184501749
1194 0.49883770869093075
1195 0.49913050711048174
1196 0.4995272218366169
1197 0.49820168822067346
1198 0.49818511624024003
1199 0.49862298412427813
1200 0.4985193709306191
1201 0.4997339510490111
1202 0.4998877272946783
1203 0.4980177525031116
1204 0.49562908766844743
1205 0.49685084513144034
1206 0.5001294923759305
1207 0.5022192567392185
1208 0.499785649757919
1209 0.4994199108721891
1210 0.49919029875817755
1211 0.4978005786324522
1212 0.4979932605002852
1213 0.49789998561949717
1214 0.49470859882113855
1215 0.49464893527058557
1216 0.4948217255139742
1217 0.49493898687611737
1218 0.49758785790600873
1219 0.49861027609691705
1220 0.4930238738646837
1221 0.49430852441469914
1222 0.49375148167105
1223 0.4963114316268822
1224 0.4977173656514786
1225 0.49516382334528336
1226 0.4947744910031997
1227 0.4946534507524707
1228 0.4958523862343976
1229 0.49670417963786745
1230 0.49593849362335174
1231 0.4962742986763992
1232 0.49309847970460097
1233 0.4951122195417423
1234 0.49743242969998175
1235 0.4974097788418717
1236 0.49782872179071114
1237 0.4996340239262131
1238 0.5000918887951723
1239 0.49769392895287967
1240 0.49654960360717365
1241 0.49662660440491635
1242 0.4981465202494848
1243 0.4968352555171152
1244 0.49822201818945877
1245 0.4993340566020921
1246 0.49709136588733654
1247 0.49750437547648824
1248 0.493023050001348
1249 0.49535536802140295
1250 0.49407338068721113
1251 0.49029711391401665
1252 0.4960702112205628
1253 0.4948060751660088
1254 0.4941840957816987
1255 0.49522423937420945
1256 0.49710280168634036
1257 0.4994935022274769
1258 0.5012946183839946
1259 0.49788618538447493
1260 0.4983683023710339
1261 0.4956654122628071
1262 0.4961489505138062
1263 0.4969082574714232
1264 0.49621246632053967
1265 0.4962712734536065
1266 0.497932099507624
1267 0.4979963644673895
1268 0.49601117496215014
1269 0.4967442489659113
1270 0.4976956365158443
1271 0.49749488246135987
1272 0.49601718319571236
1273 0.49778650905713856
1274 0.4974033841688695
1275 0.49514174163236085
1276 0.49814212313373685
1277 0.49956089072573023
1278 0.497929614914641
1279 0.4999735816471494
1280 0.49714143430656677
1281 0.4945159244354518
1282 0.49896835861339106
1283 0.499310896345507
1284 0.4991931821916285
1285 0.49977553902039507
1286 0.4970443989802009
1287 0.5000612234139742
1288 0.49947811030687966
1289 0.49734231820467684
1290 0.4977187314579347
1291 0.49483727045879716
1292 0.4961215926091276
1293 0.49239859593657126
1294 0.49460771090038236
1295 0.49454299432964066
1296 0.4952608834800913
1297 0.4936630630364925
1298 0.4942135199063656
1299 0.49406047044126394
1300 0.49501252295034637
1301 0.4941235710756167
1302 0.4957286742319776
1303 0.4947577090098101
1304 0.4933268196243871
1305 0.4956400762501166
1306 0.4988769150041226
1307 0.497820079453182
1308 0.4955097930651125
1309 0.49783867843445706
1310 0.4986659465020357
1311 0.4953285861276054
1312 0.49641724315379876
1313 0.49664638595683575
1314 0.49913304107064066
1315 0.4961623556508663
1316 0.4940823533021401
1317 0.4946073839767482
1318 0.49438286297250894
1319 0.4943988438042153
1320 0.49447633250684553
1321 0.49579615266797455
1322 0.4944931289935642
1323 0.495446243211286
1324 0.49425694128395653
1325 0.4971398045483321
1326 0.49749566379452737
1327 0.49636893668894494
1328 0.49829256192362775
1329 0.4967507709822947
1330 0.49925272193179465
1331 0.49750663982052235
1332 0.49870187777009417
1333 0.4978988379993676
1334 0.4973670172420888
1335 0.49745318069955036
1336 0.4981715740289978
1337 0.49961008424466535
1338 0.49938123221183167
1339 0.5012147462986336
1340 0.5007080671119846
1341 0.5019695292617513
1342 0.5013725666912493
1343 0.5022209967517342
1344 0.5005804286025245
1345 0.4993254434897223
1346 0.497848372009635
1347 0.4963728818342324
1348 0.49940186279311377
1349 0.4968993189617405
1350 0.49511434685382216
1351 0.49872592859396153
1352 0.4977650747019627
1353 0.49721816200374036
1354 0.49952470545056826
1355 0.49536836513315846
1356 0.49573226908911905
1357 0.49532042717573227
1358 0.49470881268200606
1359 0.49661106133228067
1360 0.4974285596769743
1361 0.4956396670108592
1362 0.4956076960559335
1363 0.4952956783792599
1364 0.4949204678219093
1365 0.49634975878337984
1366 0.49625272794675923
1367 0.494888467645814
1368 0.4975606233255678
1369 0.49453029159764533
1370 0.49593114276629296
1371 0.49639046692545424
1372 0.4933136354613315
1373 0.4937428356244842
1374 0.4975386371326706
1375 0.49735618867981746
1376 0.49638120889688203
1377 0.49735651997635427
1378 0.4941138476341754
1379 0.4952166355720828
1380 0.4958259544244446
1381 0.4975922762410325
1382 0.49560151735197855
1383 0.497532052279913
1384 0.4986816798108622
1385 0.5005514440492129
1386 0.499622194267235
1387 0.49822362660962427
1388 0.496871149981212
1389 0.49892780945998044
1390 0.4958986702883712
1391 0.4954501865999272
1392 0.49589844979779346
1393 0.49381149961496207
1394 0.4924416065511705
1395 0.49014669087656765
1396 0.48858836495997376
1397 0.49162068642020623
1398 0.49419780415633147
1399 0.49545866362145125
1400 0.4944649770493618
1401 0.4980845640425053
1402 0.4970252032313351
1403 0.49401681280396503
1404 0.49666104419386037
1405 0.49603711336542733
1406 0.49852442565646243
1407 0.4976113273118248
1408 0.49712161662478144
1409 0.49759127202642855
1410 0.4968540922299484
1411 0.49675704980230634
1412 0.49817598728129653
1413 0.49943402741401405
1414 0.49960848537881475
1415 0.4963195960654056
1416 0.49579168313446803
1417 0.49686421089958
1418 0.4958183770573141
1419 0.4994683634870718
1420 0.49873870433141515
1421 0.49810562155729227
1422 0.496988862693095
1423 0.49613415922143206
1424 0.4927659082920768
1425 0.4948531985599471
1426 0.4926470734777435
1427 0.4930811255667243
1428 0.49139853805275874
1429 0.4945331748420279
1430 0.49341492983793195
1431 0.4938239424976362
1432 0.49314120130666755
1433 0.495769186824566
1434 0.497114616606366
1435 0.4963710250813919
1436 0.49398347501952666
1437 0.49401209205635066
1438 0.4944661732723655
1439 0.49354022334891506
1440 0.4961577530904903
1441 0.49563188893370985
1442 0.4919552588924194
1443 0.4944229909189541
1444 0.4938556765136915
1445 0.4937978667684065
1446 0.492943794587639
1447 0.4918599081229264
1448 0.49228533862544316
1449 0.4886160349136919
1450 0.4897147014706565
1451 0.4876593687918907
1452 0.4871462926858141
1453 0.4876154688074408
1454 0.49057888567928504
1455 0.49078657167327017
1456 0.48767159311845965
1457 0.49309520278421876
1458 0.491209269095273
1459 0.48997959023170856
1460 0.49172365724987205
1461 0.49064086189755945
1462 0.4958420483464329
1463 0.4955225790818219
1464 0.4927281102470375
1465 0.49277865436572044
1466 0.492540789471751
1467 0.4926131442048099
1468 0.4926837660693408
1469 0.49347507680178454
1470 0.4901549028137724
1471 0.4914628639749701
1472 0.49190180822572355
1473 0.4910832097946019
1474 0.4915861852925154
1475 0.49162731071331556
1476 0.4961128651977162
1477 0.49574720972365455
1478 0.49625552382185706
1479 0.4964193299463071
1480 0.4953212890186993
1481 0.4986084853395525
1482 0.49824208253373725
1483 0.49794065747438476
1484 0.49993464227891143
1485 0.4976446152038347
1486 0.4965513513216306
1487 0.49553191270758457
1488 0.49307867996136096
1489 0.49420821240964846
1490 0.49496907238234183
1491 0.49789422947928874
1492 0.49736565033723995
1493 0.49675173872678874
1494 0.4991582752201129
1495 0.49732439248276994
1496 0.4929237727425855
1497 0.4944824462473259
1498 0.4939468348322021
1499 0.4989870834044192
1500 0.49803238635636465
1501 0.5014557334583026
1502 0.5006639738507841
1503 0.49809938487351535
1504 0.4984392569084084
1505 0.4986861898060555
1506 0.496679987132513
1507 0.49946730878857676
1508 0.49543058252870803
1509 0.49499162066177216
1510 0.4949510775650146
1511 0.4959571362180442
1512 0.4946333738171136
1513 0.49477764022093823
1514 0.4946647104258815
1515 0.4923964737377981
1516 0.4962301408650523
1517 0.4977941334473685
1518 0.49915660312221927
1519 0.5016402284485137
1520 0.5011858301995391
1521 0.4995668011441457
1522 0.4967175170054228
1523 0.49721678904039596
1524 0.4970228601585951
1525 0.4995562749267591
1526 0.4987768145087598
1527 0.49772425399541276
1528 0.499015816513014
1529 0.4965304910642772
1530 0.49663153406372085
1531 0.497047974957971
1532 0.4972454226059085
1533 0.4978884646788397
1534 0.4975276336488455
1535 0.4979722182377226
1536 0.49999139066034365
1537 0.49895659101834505
1538 0.4990115295503698
1539 0.5016549983848222
1540 0.5003448011987969
1541 0.49705809440444687
1542 0.49862008580035627
1543 0.49979240626018834
1544 0.4983605424230799
1545 0.4976237749061711
1546 0.4969933811905245
1547 0.4984600183349887
1548 0.5003248771802966
1549 0.5022087777796782
1550 0.5001667160906986
1551 0.4982782467063727
1552 0.5003024399378992
1553 0.499334764775375
1554 0.4975518574287303
1555 0.4964799245086333
1556 0.4976186502248557
1557 0.5020046269071783
1558 0.5031995901626795
1559 0.5023133342517269
1560 0.5010860099169896
1561 0.5017803781325332
1562 0.5004078705835662
1563 0.5003580120606522
1564 0.4994836172059547
1565 0.49810361773719775
1566 0.4989800853260438
1567 0.49865583668990676
1568 0.4995094956620569
1569 0.49868888234092285
1570 0.4971417462592036
1571 0.49784091214983933
1572 0.49737824246058665
1573 0.5006329988590364
1574 0.5008768374324021
1575 0.4974813001974603
1576 0.4988380529109095
1577 0.5004373290540929
1578 0.5015630848441895
1579 0.50208798864162
1580 0.49670655389416635
1581 0.4990056482840955
1582 0.49925621897843064
1583 0.49837475475675524
1584 0.49946456818063695
1585 0.5019453139441431
1586 0.4990319780048936
1587 0.49824698290937247
1588 0.49823940337649447
1589 0.49643917591891396
1590 0.49777858015870985
1591 0.4972815425838015
1592 0.49747339538175556
1593 0.4978349340448554
1594 0.5007167152064556
1595 0.49943055588874635
1596 0.496345097584927
1597 0.49424264220168773
1598 0.49416343111761063
1599 0.49538903175951376
1600 0.49747949361555244
1601 0.5004623313930271
1602 0.5000830905751091
1603 0.49591142546186506
1604 0.4970092307842103
1605 0.49706300258727243
1606 0.49572366958994096
1607 0.49401754118650393
1608 0.49440991241199317
1609 0.4942940148739927
1610 0.4947179192434872
1611 0.49205222808836974
1612 0.4940942981190899
1613 0.4916561572201413
1614 0.4968529537514481
1615 0.49602908694338166
1616 0.5007798989751049
1617 0.4964809270947273
1618 0.49566746916396137
1619 0.497699350140515
1620 0.49862519064458755
1621 0.4982874884856547
1622 0.4960583102878409
1623 0.49641109988627136
1624 0.4926846656244778
1625 0.4938292178193035
1626 0.49533212612709304
1627 0.4968774004070839
1628 0.4968406249658217
1629 0.4953150777573648
1630 0.49243748169206164
1631 0.49335489657502524
1632 0.49334927890113556
1633 0.49293027300060327
1634 0.4929927427599226
1635 0.4925073963159306
1636 0.49495914949920206
1637 0.497434522740348
1638 0.4928493903635823
1639 0.49313732147541045
1640 0.49613593430020714
1641 0.4984209467575638
1642 0.49531505382921864
1643 0.49762746541105823
1644 0.4969871892729352
1645 0.49690350008428125
1646 0.495014636077785
1647 0.49551231763713566
1648 0.4962311009583882
1649 0.4986864352406219
1650 0.49841688319147354
1651 0.49585179309775546
1652 0.49520128206134034
1653 0.49204708280183146
1654 0.4897777912555274
1655 0.49144802128586323
1656 0.49326414907268457
1657 0.49297810560213323
1658 0.48984604522776826
1659 0.4871004538047241
1660 0.4841984465003976
1661 0.4853697033159147
1662 0.4857659881596161
1663 0.4892305597496153
1664 0.49188013819568616
1665 0.4912186744179818
1666 0.491426713214155
1667 0.4879345225476805
1668 0.4907164928287801
1669 0.49276079493825153
1670 0.4971787549479713
1671 0.4950493021000604
1672 0.4944025554641878
1673 0.49444675861945897
1674 0.49422275498137186
1675 0.49368583901170027
1676 0.4944847454862184
1677 0.4958250593999101
1678 0.4973797644300266
1679 0.4945264567232223
1680 0.4994994881322841
1681 0.4973614712845667
1682 0.49723415304789403
1683 0.49926250747682605
1684 0.49539145314543975
1685 0.49499505651902065
1686 0.493845822084092
1687 0.49510905463817
1688 0.4949460879949846
1689 0.4961521739515462
1690 0.4965733510954198
1691 0.4939880268666342
1692 0.49459888344177566
1693 0.4957777366730461
1694 0.4991627765022613
1695 0.49435546517144147
1696 0.4968964409317674
1697 0.49896028971386325
1698 0.4972744691562036
1699 0.49832630425449076
1700 0.4977819374817833
1701 0.4975185580907849
1702 0.49671060126673533
1703 0.49741672895443223
1704 0.4988268697999805
1705 0.49950113138819935
1706 0.49719446513105897
1707 0.4968741776844882
1708 0.49775069195853994
1709 0.4994794963470955
1710 0.4972107816253528
1711 0.49659109772966753
1712 0.49534318484873235
1713 0.49696903168035883
1714 0.49797737850971163
1715 0.49915328523165
1716 0.4986469035724686
1717 0.4991479608203941
1718 0.49399724532459977
1719 0.49585969513114786
1720 0.4988279824015356
1721 0.49864452947953364
1722 0.4993122820495441
1723 0.4973655611156449
1724 0.49495984880526195
1725 0.49696997588024355
1726 0.49583884533315664
1727 0.4937684480297992
1728 0.4951618391745456
1729 0.49513911453260206
1730 0.496454245004409
1731 0.497723828903017
1732 0.49685191623196956
1733 0.49812226117498576
1734 0.4972926975143966
1735 0.4982567898405526
1736 0.5003311471282929
1737 0.5018453330562282
1738 0.5020106481716591
1739 0.5013096183152336
1740 0.49901657432129576
1741 0.5027537639139646
1742 0.503031632480378
1743 0.49831997920887444
1744 0.49674217273650895
1745 0.4954578345907103
1746 0.49808917209504927
1747 0.5012085008020369
1748 0.5004361002506957
1749 0.4986859573141409
1750 0.4992820721675475
1751 0.4985913148148633
1752 0.49678099539882453
1753 0.49702760146975083
1754 0.49790094198217005
1755 0.4996369038163593
1756 0.4973197193219164
1757 0.49554672668917554
1758 0.49275690224739743
1759 0.4964845049416713
1760 0.4938126200335275
1761 0.4943569508906061
1762 0.49756130044598734
1763 0.49567635948843386
1764 0.49754519705206884
1765 0.5010535679770881
1766 0.4973902402111871
1767 0.4974234079452427
1768 0.5002644819544951
1769 0.5035572895497663
1770 0.501783348586217
1771 0.49826888789129237
1772 0.49994059611632813
1773 0.4970216777915637
1774 0.4978497235654103
1775 0.4977492202777292
1776 0.49787105718490215
1777 0.4983644557478199
1778 0.5019336637729238
1779 0.49983493021224173
1780 0.49996990880222675
1781 0.5005869128847568
1782 0.5030613251652348
1783 0.49747692187222964
1784 0.4957233265753454
1785 0.49608262104750356
1786 0.49761392700137047
1787 0.49776711935632867
1788 0.499561110952425
1789 0.49828061255456163
1790 0.5019801083774192
